Наследование
К программе в предыдущей задаче добавьте класс SquareMatrix  —  наследник Matrix с операцией возведения в степень __pow__, принимающей натуральную степень (включая ноль), в которую нужно возвести матрицу. Используйте быстрое возведение в степень.

Формат ввода

Как в предыдущей задаче.

Формат вывода

Как в предыдущей задаче.

Примеры
Тест 1
Входные данные:
# Task 6 check 1
m = SquareMatrix([[1, 0], [0, 1]])
print(isinstance(m, Matrix))

Вывод программы:
True



Тест 2
Входные данные:
# Task 6 check 2
m = SquareMatrix([[1, 0], [0, 1]])
print(m ** 0)

Вывод программы:
1	0
0	1



Тест 3
Входные данные:
# Task 6 check 3
m = SquareMatrix([[1, 1, 0, 0, 0, 0],
                  [0, 1, 1, 0, 0, 0],
                  [0, 0, 1, 1, 0, 0],
                  [0, 0, 0, 1, 1, 0],
                  [0, 0, 0, 0, 1, 1],
                  [0, 0, 0, 0, 0, 1]]
                )
print(m)
print('----------')
print(m ** 1)
print('----------')
print(m ** 2)
print('----------')
print(m ** 3)
print('----------')
print(m ** 4)
print('----------')
print(m ** 5)

Вывод программы:
1	1	0	0	0	0
0	1	1	0	0	0
0	0	1	1	0	0
0	0	0	1	1	0
0	0	0	0	1	1
0	0	0	0	0	1
----------
1	1	0	0	0	0
0	1	1	0	0	0
0	0	1	1	0	0
0	0	0	1	1	0
0	0	0	0	1	1
0	0	0	0	0	1
----------
1	2	1	0	0	0
0	1	2	1	0	0
0	0	1	2	1	0
0	0	0	1	2	1
0	0	0	0	1	2
0	0	0	0	0	1
----------
1	3	3	1	0	0
0	1	3	3	1	0
0	0	1	3	3	1
0	0	0	1	3	3
0	0	0	0	1	3
0	0	0	0	0	1
----------
1	4	6	4	1	0
0	1	4	6	4	1
0	0	1	4	6	4
0	0	0	1	4	6
0	0	0	0	1	4
0	0	0	0	0	1
----------
1	5	10	10	5	1
0	1	5	10	10	5
0	0	1	5	10	10
0	0	0	1	5	10
0	0	0	0	1	5
0	0	0	0	0	1